1060
-77
99
-333
179
-445
115
-413
-93
-253
-413
-93
-621
-61
-685
-173
-605
-429
-429
-733
-301
-893
-317
-909
-477
-781
-781
-605
-1037
-525
-1149
-589
-1117
-797
-957
-1117
-797
-1325
-765
-1389
-877
-1309
-1133
-1133
-1437
-1005
-1293
1283
979
1491
1059
1235
1235
931
1363
771
1347
755
1187
883
883
1059
627
1139
515
1075
547
867
707
547
867
339
899
275
787
355
531
531
227
659
67
643
51
483
179
179
355
-77
435
-189
371
-157
163
3
-157
163
-365
195
-429
83
-349
-173
-173
-477
-45
-637
-61
-653
-221
-525
-525
-349
-781
-269
-893
-333
-861
-541
-701
-861
-541
-1069
-509
-1133
-621
-1053
-877
-877
-1181
-749
-1341
-765
-1357
-925
-1229
-1229
-1053
-1485
-973
-1277
1299
1011
1443
1139
1139
1315
883
1395
771
1331
803
1123
963
803
1123
595
1155
531
1043
611
787
787
483
915
323
899
307
739
435
435
611
179
691
67
627
99
419
259
99
419
-109
451
-173
339
-93
83
83
-221
211
-381
195
-397
35
-269
-269
-93
-525
-13
-637
-77
-605
-285
-445
-605
-285
-813
-253
-877
-365
-797
-621
-621
-925
-493
-1085
-509
-1101
-669
-973
-973
-797
-1229
-717
-1341
-781
-1309
-989
-1149
-1309
-989
-1517
-957
-1581
611
1059
1379
1219
1059
1379
851
1411
787
1299
867
1043
1043
739
1171
579
1155
563
995
691
691
867
435
947
323
883
355
675
515
355
675
147
707
83
595
163
339
339
35
467
-125
451
-141
291
-13
-13
163
-269
243
-381
179
-349
-29
-189
-349
-29
-557
3
-621
-109
-541
-365
-365
-669
-237
-829
-253
-845
-413
-717
-717
-541
-973
-461
-1085
-525
-1053
-733
-893
-1053
-733
-1261
-701
-1325
-813
-1245
-1069
-1069
-1373
-941
-1533
-957
-1549
611
1123
1299
1299
995
1427
835
1411
819
1251
947
947
1123
691
1203
579
1139
611
931
771
611
931
403
963
339
851
419
595
595
291
723
131
707
115
547
243
243
419
-13
499
-125
435
-93
227
67
-93
227
-301
259
-365
147
-285
-109
-109
-413
19
-573
3
-589
-157
-461
-461
-285
-717
-205
-829
-269
-797
-477
-637
-797
-477
-1005
-445
-1069
-557
-989
-813
-813
-1117
-685
-1277
-701
-1293
-861
-1165
-1165
-989
-1421
-909
-1533
-973
-1501
595
1203
1203
1379
947
1459
835
1395
867
1187
1027
867
1187
659
1219
595
1107
675
851
851
547
979
387
963
371
803
499
499
675
243
755
131
691
163
483
323
163
483
-45
515
-109
403
-29
147
147
-157
275
-317
259
-333
99
-205
-205
-29
-461
51
-573
-13
-541
-221
-381
-541
-221
-749
-189
-813
-301
-733
-557
-557
-861
-429
-1021
-445
-1037
-605
-909
-909
-733
-1165
-653
-1277
-717
-1245
-925
-1085
-1245
-925
-1453
-893
-1517
-1005
-1437
-445
1267
1123
1443
915
1475
851
1363
931
1107
1107
803
1235
643
1219
627
1059
755
755
931
499
1011
387
947
419
739
579
419
739
211
771
147
659
227
403
403
99
531
-61
515
-77
355
51
51
227
-205
307
-317
243
-285
35
-125
-285
35
-493
67
-557
-45
-477
-301
-301
-605
-173
-765
-189
-781
-349
-653
-653
-477
-909
-397
-1021
-461
-989
-669
-829
-989
-669
-1197
-637
-1261
-749
-1181
-1005
-1005
-1309
-877
-1469
-893
-1485
-1053
-1357
-509
1363
1059
1491
899
1475
883
1315
1011
1011
1187
755
1267
643
1203
675
995
835
675
995
467
1027
403
915
483
659
659
355
787
195
771
179
611
307
307
483
51
563
-61
499
-29
291
131
-29
291
-237
323
-301
211
-221
-45
-45
-349
83
-509
67
-525
-93
-397
-397
-221
-653
-141
-765
-205
-733
-413
-573
-733
-413
-941
-381
-1005
-493
-925
-749
-749
-1053
-621
-1213
-637
-1229
-797
-1101
-1101
-925
-1357
-845
-1469
-909
-1437
-1117
-1277
-557
1443
1011
1523
899
1459
931
1251
1091
931
1251
723
1283
659
1171
739
915
915
611
1043
451
1027
435
867
563
563
739
307
819
195
755
227
547
387
227
547
19
579
-45
467
35
211
211
-93
339
-253
323
-269
163
-141
-141
35
-397
115
-509
51
-477
-157
-317
-477
-157
-685
-125
-749
-237
-669
-493
-493
-797
-365
-957
-381
-973
-541
-845
-845
-669
-1101
-589
-1213
-653
-1181
-861
-1021
-1181
-861
-1389
-829
-1453
-941
-1373
-1197
-1197
-589
1507
979
1539
915
1427
995
1171
1171
867
1299
707
1283
691
1123
819
819
995
563
1075
451
1011
483
803
643
483
803
275
835
211
723
291
467
467
163
595
3
579
-13
419
115
115
291
-141
371
-253
307
-221
99
-61
-221
99
-429
131
-493
19
-413
-237
-237
-541
-109
-701
-125
-717
-285
-589
-589
-413
-845
-333
-957
-397
-925
-605
-765
-925
-605
-1133
-573
-1197
-685
-1117
-941
-941
-1245
-813
-1405
-829
-1421
-989
-1293
-1293
-1117
-1277
1203
963
1539
947
1379
1075
1075
1251
819
1331
707
1267
739
1059
899
739
1059
531
1091
467
979
547
723
723
419
851
259
835
243
675
371
371
547
115
627
3
563
35
355
195
35
355
-173
387
-237
275
-157
19
19
-285
147
-445
131
-461
-29
-333
-333
-157
-589
-77
-701
-141
-669
-349
-509
-669
-349
-877
-317
-941
-429
-861
-685
-685
-989
-557
-1149
-573
-1165
-733
-1037
-1037
-861
-1293
-781
-1405
-845
-1373
-1053
-1213
-1373
-1053
-1293
1251
963
1523
995
1315
1155
995
1315
787
1347
723
1235
803
979
979
675
1107
515
1091
499
931
627
627
803
371
883
259
819
291
611
451
291
611
83
643
19
531
99
275
275
-29
403
-189
387
-205
227
-77
-77
99
-333
179
-445
115
-413
-93
-253
-413
-93
-621
-61
-685
-173
-605
-429
-429
-733
-301
-893
-317
-909
-477
-781
-781
-605
-1037
-525
-1149
-589
-1117
-797
-957
-1117
-797
-1325
-765
-1389
-877
-1309
-1133
-1133
-1437
-1005
-1293
1283
979
1491
1059
1235
1235
931
1363
771
1347
755
1187
883
883
1059
627
1139
515
1075
547
867
707
547
867
339
899
275
787
355
531
531
227
659
67
643
51
483
179
179
355
-77
435
-189
371
-157
163
3
-157
163
-365
195
-429
83
-349
-173
-173
-477
-45
-637
-61
-653
-221
-525
-525
-349
-781
-269
-893
-333
-861
-541
-701
-861
-541
-1069
-509
-1133
-621
-1053
-877
-877
-1181
-749
-1341
-765
-1357
-925
-1229
-1229
-1053
-1485
-973
-1277
1299
1011
1443
1139
1139
1315
883
1395
771
1331
803
1123
963
803
1123
595
1155
531
1043
611
787
787
483
915
323
899
307
739
435
435
611
179
691
67
627
99
419
259
99
419
-109
451
-173
339
-93
83
83
-221
211
-381
195
-397
35
-269
-269
-93
-525
-13
-637
-77
-605
-285
-445
-605
-285
-813
-253
-877
-365
-797
-621
-621
-925
-493
-1085
-509
-1101
-669
-973
-973
-797
-1229
-717
-1341
-781
-1309
-989
-1149
-1309
-989
-1517
-957
-1581
611
1059
1379
1219
1059
1379
851
1411
787
1299
867
1043
1043
739
1171
579
1155
563
995
691
691
867
435
947
323
883
355
675
515
355
675
147
707
83
595
163
339
339
35
467
-125
451
-141
291
-13
-13
163
-269
243
-381
179
-349
-29
-189
-349
-29
-557
3
-621
-109
-541
-365
-365
-669
-237
-829
-253
-845
-413
-717
-717
-541
-973
-461
-1085
-525
-1053
-733
-893
-1053
-733
-1261
-701
-1325
-813
-1245
-1069
-1069
-1373
-941
-1533
-957
-1549
611
1123
1299
1299
995
1427
835
1411
819
1251
947
947
1123
691
1203
579
1139
611
931
771
611
931
403
963
339
851
419
595
595
291
723
131
707
115
547
243
243
419
-13
499
-125
435
-93
227
67
-93
227
-301
259
-365
147
-285
-109
-109
-413
19
-573
3
-589
-157
-461
-461
-285
-717
-205
-829
-269
-797
-477
-637
-797
-477
-1005
-445
-1069
-557
-989
-813
-813
-1117
-685
-1277
-701
-1293
-861
-1165
-1165
-989
-1421
-909
-1533
-973
-1501
595
1203
1203
1379
947
1459
835
1395
867
1187
1027
867
1187
659
1219
595
1107
675
851
851
547
979
387
963
371
803
499
499
675
243
755
131
691
163
483
323
163
483
-45
515
-109
403
-29
147
147
-157
275
-317
259
-333
99
-205
-205
-29
-461
51
-573
-13
-541
-221
-381
-541
-221
-749
-189
-813
-301
-733
-557
-557
-861
-429
-1021
-445
-1037
-605
-909
-909
-733
-1165
-653
-1277
-717
-1245
-925
-1085
-1245
-925
-1453
-893
-1517
-1005
-1437
-445
1267
1123
1443
915
1475
851
1363
931
1107
1107
803
1235
643
1219
627
1059
755
755
931
499
1011
387
947
419
739
579
419
739
211
771
147
659
227
403
403
99
531
-61
515
-77
355
51
51
227
-205
307
-317
243
-285
35
-125
-285
35
-493
67
-557
-45
-477
-301
-301
-605
-173
-765
-189
-781
-349
-653
-653
-477
-909
-397
-1021
-461
-989
-669
-829
-989
-669
-1197
-637
-1261
-749
-1181
-1005
-1005
-1309
-877
-1469
-893
-1485
-1053
-1357
-509
1363
1059
1491
899
1475
883
1315
1011
1011
1187
755
1267
643
1203
675
995
835
675
995
467
1027
403
915
483
659
659
355
787
195
771
179
611
307
307
483
51
563
-61
499
-29
291
131
-29
291
-237
323
-301
211
-221
-45
-45
-349
83
-509
67
-525
-93
-397
-397
-221
-653
-141
-765
-205
-733
-413
-573
-733
-413
-941
-381
-1005
-493
-925
-749
-749
-1053
-621
-1213
-637
-1229
-797
-1101
-1101
-925
-1357
-845
-1469
-909
-1437
-1117
-1277
-557
1443
1011
1523
899
1459
931
1251
1091
931
1251
723
1283
659
1171
739
915
915
611
1043
451
1027
435
867
563
563
739
307
819
195
755
227
547
387
227
547
19
579
-45
467
35
211
211
-93
339
-253
323
-269
163
-141
-141
35
-397
115
-509
51
-477
-157
-317
-477
-157
-685
-125
-749
-237
-669
-493
-493
-797
-365
-957
-381
-973
-541
-845
-845
-669
-1101
-589
-1213
-653
-1181
-861
-1021
-1181
-861
-1389
-829
-1453
-941
-1373
-1197
-1197
-589
1507
979
1539
915
1427
995
1171
1171
867
1299
707
1283
691
1123
819
819
995
563
1075
451
1011
483
803
643
483
803
275
835
211
723
291
467
467
163
595
3
579
-13
419
115
115
291
-141
371
-253
307
-221
99
-61
-221
99
-429
131
-493
19
-413
-237
-237
-541
-109
-701
-125
-717
-285
-589
-589
-413
-845
-333
-957
-397
-925
-605
-765
-925
-605
-1133
-573
-1197
-685
-1117
-941
-941
-1245
-813
-1405
-829
-1421
-989
-1293
-1293
-1117
-1277
1203
963
1539
947
1379
1075
1075
1251
819
1331
707
1267
739
1059
899
739
1059
531
1091
467
979
547
723
723
419
851
259
835
243
675
371
371
547
115
627
3
563
35
355
195
35
355
-173
387
-237
275
-157
19
19
-285
147
-445
131
-461
-29
-333
-333
-157
-589
-77
-701
-141
-669
-349
-509
-669
-349
-877
-317
-941
-429
-861
-685
-685
-989
-557
-1149
-573
-1165
-733
-1037
-1037
-861
-1293
-781
-1405
-845
-1373
-1053
-1213
-1373
-1053
-1293
1251
963
1523
995
1315
1155
995
1315
787
1347
723
1235
803
979
979
675
1107
515
1091
499
931
627
627
803
371
883
259
819
291
611
451
291
611
83
643
19
531
99
275
275
-29
403
-189
387
-205
227
-77
-77
99
-333
179
-445
115
-413
-93
-253
-413
-93
-621
-61
-685
-173
-605
-429
-429
-733
-301
-893
-317
-909
-477
-781
-781
-605
-1037
-525
-1149
-589
-1117
-797
-957
-1117
-797
-1325
-765
-1389
-877
-1309
-1133
-1133
-1437
-1005
-1293
1283
979
1491
1059
1235
1235
931
1363
771
1347
755
1187
883
883
1059
627
1139
515
1075
547
867
707
547
867
339
899
275
787
355
531
531
227
659
67
643
51
483
179
179
355
-77
435
-189
371
-157
163
3
-157
163
-365
195
-429
83
-349
-173
-173
-477
-45
-637
-61
-653
-221
-525
-525
-349
-781
-269
-893
-333
-861
-541
-701
-861
-541
-1069
-509
-1133
-621
-1053
-877
-877
-1181
-749
-1341
-765
-1357
-925
-1229
-1229
-1053
-1485
-973
-1277
1299
1011
1443
1139
1139
1315
883
1395
771
1331
803
1123
963
803
1123
595
1155
531
1043
611
787
787
483
915
323
899
307
739
435
435
611
179
691
67
627
99
419
259
99
419
-109
451
-173
339
-93
83
83
-221
211
-381
195
-397
35
-269
-269
-93
-525
-13
-637
-77
-605
-285
-445
-605
-285
-813
-253
-877
-365
-797
-621
-621
-925
-493
-1085
-509
-1101
-669
-973
-973
-797
-1229
-717
-1341
-781
-1309
-989
-1149
-1309
-989
-1517
-957
-1581
611
1059
1379
1219
1059
1379
851
1411
787
1299
867
1043
1043
739
1171
579
1155
563
995
691
691
867
435
947
323
883
355
675
515
355
675
147
707
83
595
163
339
339
35
467
-125
451
-141
291
-13
-13
163
-269
243
-381
179
-349
-29
-189
-349
-29
-557
3
-621
-109
-541
-365
-365
-669
-237
-829
-253
-845
-413
-717
-717
-541
-973
-461
-1085
-525
-1053
-733
-893
-1053
-733
-1261
-701
-1325
-813
-1245
-1069
-1069
-1373
-941
-1533
-957
-1549
611
1123
1299
1299
995
1427
835
1411
819
1251
947
947
1123
691
1203
579
1139
611
931
771
611
931
403
963
339
851
419
595
595
291
723
131
707
115
547
243
243
419
-13
499
-125
435
-93
227
67
-93
227
-301
259
-365
147
-285
-109
-109
-413
19
-573
3
-589
-157
-461
-461
-285
-717
-205
-829
-269
-797
-477
-637
-797
-477
-1005
-445
-1069
-557
-989
-813
-813
-1117
-685
-1277
-701
-1293
-861
-1165
-1165
-989
-1421
-909
-1533
-973
-1501
595
1203
1203
1379
947
1459
835
1395
867
1187
1027
867
1187
659
1219
595
1107
675
851
851
547
979
387
963
371
803
499
499
675
243
755
131
691
163
483
323
163
483
-45
515
-109
403
-29
147
147
-157
275
-317
259
-333
99
-205
-205
-29
-461
51
-573
-13
-541
-221
-381
-541
-221
-749
-189
-813
-301
-733
-557
-557
-861
-429
-1021
-445
-1037
-605
-909
-909
-733
-1165
-653
-1277
-717
-1245
-925
-1085
-1245
-925
-1453
-893
-1517
-1005
-1437
-445
1267
1123
1443
915
1475
851
1363
931
1107
1107
803
1235
643
1219
627
1059
755
755
931
499
1011
387
947
419
739
579
419
739
211
771
147
659
227
403
403
99
531
-61
515
-77
355
51
51
227
-205
307
-317
243
-285
35
-125
-285
35
-493
67
-557
-45
-477
-301
-301
-605
-173
-765
-189
-781
-349
-653
-653
-477
-909
-397
-1021
-461
-989
-669
-829
-989
-669
-1197
-637
-1261
-749
-1181
-1005
-1005
-1309
-877
-1469
-893
-1485
-1053
-1357
-509
1363
1059
1491
899
1475
883
1315
1011
1011
1187
755
1267
643
1203
675
995
835
675
995
467
1027
403
915
483
659
659
355
787
195
771
179
611
307
307
483
51
563
-61
499
-29
291
131
-29
291
-237
323
-301
211
-221
-45
-45
-349
83
-509
67
-525
-93
-397
-397
-221
-653
-141
-765
-205
-733
-413
-573
-733
-413
-941
-381
-1005
-493
-925
-749
-749
-1053
-621
-1213
-637
-1229
-797
-1101
-1101
-925
-1357
-845
-1469
-909
-1437
-1117
-1277
-557
1443
1011
1523
899
1459
931
1251
1091
931
1251
723
1283
659
1171
739
915
915
611
1043
451
1027
435
867
563
563
739
307
819
195
755
227
547
387
227
547
19
579
-45
467
35
211
211
-93
339
-253
323
-269
163
-141
-141
35
-397
115
-509
51
-477
-157
-317
-477
-157
-685
-125
-749
-237
-669
-493
-493
-797
-365
-957
-381
-973
-541
-845
-845
-669
-1101
-589
-1213
-653
-1181
-861
-1021
-1181
-861
-1389
-829
-1453
-941
-1373
-1197
-1197
-589
1507
979
1539
915
1427
995
1171
1171
867
1299
707
1283
691
1123
819
819
995
563
1075
451
1011
483
803
643
483
803
275
835
211
723
291
467
467
163
595
3
579
-13
419
115
115
291
-141
371
-253
307
-221
99
-61
-221
99
-429
131
-493
19
-413
-237
-237
-541
-109
-701
-125
-717
-285
-589
-589
-413
-845
-333
-957
-397
-925
-605
-765
-925
-605
-1133
-573
-1197
-685
-1117
-941
-941
-1245
-813
-1405
-829
-1421
-989
-1293
-1293
-1117
-1277
1203
963
1539
947
1379
1075
1075
1251
819
1331
707
1267
739
1059
899
739
1059
531
1091
467
979
547
723
723
419
851
259
835
243
675
371
371
547
115
627
3
563
35
355
195
35
355
-173
387
-237
275
-157
19
19
-285
147
-445
131
-461
-29
-333
-333
-157
-589
-77
-701
-141
-669
-349
-509
-669
-349
-877
-317
-941
-429
-861
-685
-685
-989
-557
-1149
-573
-1165
-733
-1037
-1037
-861
-1293
-781
-1405
-845
-1373
-1053
-1213
-1373
-1053
-1293
1251
963
1523
995
1315
1155
995
1315
787
1347
723
1235
803
979
979
675
1107
515
1091
499
931
627
627
803
371
883
259
819
291
611
451
291
611
83
643
19
531
99
275
275
-29
403
-189
387
-205
227
-77
-77
99
-333
179
-445
115
-413
-93
-253
-413
-93
-621
-61
-685
-173
-605
-429
-429
-733
-301
-893
-317
-909
-477
-781
-781
-605
-1037
-525
-1149
-589
-1117
-797
-957
-1117
-797
-1325
-765
-1389
-877
-1309
-1133
-1133
-1437
-1005
-1293
1283
979
1491
1059
1235
1235
931
1363
771
1347
755
1187
883
883
1059
627
1139
515
1075
547
867
707
547
867
339
899
275
787
355
531
531
227
659
67
643
51
483
179
179
355
-77
435
-189
371
-157
163
3
-157
163
-365
195
-429
83
-349
-173
-173
-477
-45
-637
-61
-653
-221
-525
-525
-349
-781
-269
-893
-333
-861
-541
-701
-861
-541
-1069
-509
-1133
-621
-1053
-877
-877
-1181
-749
-1341
-765
-1357
-925
-1229
-1229
-1053
-1485
-973
-1277
1299
1011
1443
1139
1139
1315
883
1395
771
1331
803
1123
963
803
1123
595
1155
531
1043
611
787
787
483
915
323
899
307
739
435
435
611
179
691
67
627
99
419
259
99
419
-109
451
-173
339
-93
83
83
-221
211
-381
195
-397
35
-269
-269
-93
-525
-13
-637
-77
-605
-285
-445
-605
-285
-813
-253
-877
-365
-797
-621
-621
-925
-493
-1085
-509
-1101
-669
-973
-973
-797
-1229
-717
-1341
-781
-1309
-989
-1149
-1309
-989
-1517
-957
-1581
611
1059
1379
1219
1059
1379
851
1411
787
1299
867
1043
1043
739
1171
579
1155
563
995
691
691
867
435
947
323
883
355
675
515
355
675
147
707
83
595
163
339
339
35
467
-125
451
-141
291
-13
-13
163
-269
243
-381
179
-349
-29
-189
-349
-29
-557
3
-621
-109
-541
-365
-365
-669
-237
-829
-253
-845
-413
-717
-717
-541
-973
-461
-1085
-525
-1053
-733
-893
-1053
-733
-1261
-701
-1325
-813
-1245
-1069
-1069
-1373
-941
-1533
-957
-1549
611
1123
1299
1299
995
1427
835
1411
819
1251
947
947
1123
691
1203
579
1139
611
931
771
611
931
403
963
339
851
419
595
595
291
723
131
707
115
547
243
243
419
-13
499
-125
435
-93
227
67
-93
227
-301
259
-365
147
-285
-109
-109
-413
19
-573
3
-589
-157
-461
-461
-285
-717
-205
-829
-269
-797
-477
-637
-797
-477
-1005
-445
-1069
-557
-989
-813
-813
-1117
-685
-1277
-701
-1293
-861
-1165
-1165
-989
-1421
-909
-1533
-973
-1501
595
1203
1203
1379
947
1459
835
1395
867
1187
1027
867
1187
659
1219
595
1107
675
851
851
547
979
387
963
371
803
499
499
675
243
755
131
691
163
483
323
163
483
-45
515
-109
403
-29
147
147
-157
275
-317
259
-333
99
-205
-205
-29
-461
51
-573
-13
-541
-221
-381
-541
-221
-749
-189
-813
-301
-733
-557
-557
-861
-429
-1021
-445
-1037
-605
-909
-909
-733
-1165
-653
-1277
-717
-1245
-925
-1085
-1245
-925
-1453
-893
-1517
-1005
-1437
-445
1267
1123
1443
915
1475
851
1363
931
1107
1107
803
1235
643
1219
627
1059
755
755
931
499
1011
387
947
419
739
579
419
739
211
771
147
659
227
403
403
99
531
-61
515
-77
355
51
51
227
-205
307
-317
243
-285
35
-125
-285
35
-493
67
-557
-45
-477
-301
-301
-605
-173
-765
-189
-781
-349
-653
-653
-477
-909
-397
-1021
-461
-989
-669
-829
-989
-669
-1197
-637
-1261
-749
-1181
-1005
-1005
-1309
-877
-1469
-893
-1485
-1053
-1357
-509
1363
1059
1491
899
1475
883
1315
1011
1011
1187
755
1267
643
1203
675
995
835
675
995
467
1027
403
915
483
659
659
355
787
195
771
179
611
307
307
483
51
563
-61
499
-29
291
131
-29
291
-237
323
-301
211
-221
-45
-45
-349
83
-509
67
-525
-93
-397
-397
-221
-653
-141
-765
-205
-733
-413
-573
-733
-413
-941
-381
-1005
-493
-925
-749
-749
-1053
-621
-1213
-637
-1229
-797
-1101
-1101
-925
-1357
-845
-1469
-909
-1437
-1117
-1277
-557
1443
1011
1523
899
1459
931
1251
1091
931
1251
723
1283
659
1171
739
915
915
611
1043
451
1027
435
867
563
563
739
307
819
195
755
227
547
387
227
547
19
579
-45
467
35
211
211
-93
339
-253
323
-269
163
-141
-141
35
-397
115
-509
51
-477
-157
-317
-477
-157
-685
-125
-749
-237
-669
-493
-493
-797
-365
-957
-381
-973
-541
-845
-845
-669
-1101
-589
-1213
-653
-1181
-861
-1021
-1181
-861
-1389
-829
-1453
-941
-1373
-1197
-1197
-589
1507
979
1539
915
1427
995
1171
1171
867
1299
707
1283
691
1123
819
819
995
563
1075
451
1011
483
803
643
483
803
275
835
211
723
291
467
467
163
595
3
579
-13
419
115
115
291
-141
371
-253
307
-221
99
-61
-221
99
-429
131
-493
19
-413
-237
-237
-541
-109
-701
-125
-717
-285
-589
-589
-413
-845
-333
-957
-397
-925
-605
-765
-925
-605
-1133
-573
-1197
-685
-1117
-941
-941
-1245
-813
-1405
-829
-1421
-989
-1293
-1293
-1117
-1277
1203
963
1539
947
1379
1075
1075
1251
819
1331
707
1267
739
1059
899
739
1059
531
1091
467
979
547
723
723
419
851
259
835
243
675
371
371
547
115
627
3
563
35
355
195
35
355
-173
387
-237
275
-157
19
19
-285
147
-445
131
-461
-29
-333
-333
-157
-589
-77
-701
-141
-669
-349
-509
-669
-349
-877
-317
-941
-429
-861
-685
-685
-989
-557
-1149
-573
-1165
-733
-1037
-1037
-861
-1293
-781
-1405
-845
-1373
-1053
-1213
-1373
-1053
-1293
1251
963
1523
995
1315
1155
995
1315
787
1347
723
1235
803
979
979
675
1107
515
1091
499
931
627
627
803
371
883
259
819
291
611
451
291
611
83
643
19
531
99
275
275
-29
403
-189
387
-205
227
-77
-77
99
