0
22909
7250
-2303
-5497
0
25667
16957
-12011
-8255
0
8255
12011
-16957
-25667
0
5497
2303
-7250
-22909
0
22909
7250
-2303
-5497
0
25667
16957
-12011
-8255
0
8255
12011
-16957
-25667
0
5497
2303
-7250
-22909
0
22909
7250
-2303
-5497
0
25667
16957
-12011
-8255
0
8255
12011
-16957
-25667
0
5497
2303
-7250
-22909
0
22909
7250
-2303
-5497
0
25667
16957
-12011
-8255
0
8255
12011
-16957
-25667
0
5497
2303
-7250
-22909
0
22909
7250
-2303
-5497
0
25667
16957
-12011
-8255
0
8255
12011
-16957
-25667
0
5497
2303
-7250
-22909
0
22909
7250
-2303
-5497
0
25667
16957
-12011
-8255
0
8255
12011
-16957
-25667
0
5497
2303
-7250
-22909
0
22909
7250
-2303
-5497
0
25667
16957
-12011
-8255
0
8255
12011
-16957
-25667
0
5497
2303
-7250
-22909
0
22909
7250
-2303
-5497
0
25667
16957
-12011
-8255
0
8255
12011
-16957
-25667
0
5497
2303
-7250
-22909
0
22909
7250
-2303
-5497
0
25667
16957
-12011
-8255
0
8255
12011
-16957
-25667
0
5497
2303
-7250
-22909
0
22909
7250
-2303
-5497
0
25667
16957
-12011
-8255
0
8255
12011
-16957
-25667
0
5497
2303
-7250
-22909
0
22909
7250
-2303
-5497
0
25667
16957
-12011
-8255
0
8255
12011
-16957
-25667
0
5497
2303
-7250
-22909
0
22909
7250
-2303
-5497
0
25667
16957
-12011
-8255
0
8255
12011
-16957
-25667
0
5497
2303
-7250
-22909
0
22909
7250
-2303
-5497
0
25667
16957
-12011
-8255
0
8255
12011
-16957
-25667
0
5497
2303
-7250
-22909
0
22909
7250
-2303
-5497
0
25667
16957
-12011
-8255
0
8255
12011
-16957
-25667
0
5497
2303
-7250
-22909
0
22909
7250
-2303
-5497
0
25667
16957
-12011
-8255
0
8255
12011
-16957
-25667
0
5497
2303
-7250
-22909
0
22909
7250
-2303
-5497
0
25667
16957
-12011
-8255
0
8255
12011
-16957
-25667
0
5497
2303
-7250
-22909
0
22909
7250
-2303
-5497
0
25667
16957
-12011
-8255
0
8255
12011
-16957
-25667
0
5497
2303
-7250
-22909
0
22909
7250
-2303
-5497
0
25667
16957
-12011
-8255
0
8255
12011
-16957
-25667
0
5497
2303
-7250
-22909
0
22909
7250
-2303
-5497
0
25667
16957
-12011
-8255
0
8255
12011
-16957
-25667
0
5497
2303
-7250
-22909
0
22909
7250
-2303
-5497
0
25667
16957
-12011
-8255
0
8255
12011
-16957
-25667
0
5497
2303
-7250
-22909
0
22909
7250
-2303
-5497
0
25667
16957
-12011
-8255
0
8255
12011
-16957
-25667
0
5497
2303
-7250
-22909
0
22909
7250
-2303
-5497
0
25667
16957
-12011
-8255
0
8255
12011
-16957
-25667
0
5497
2303
-7250
-22909
0
22909
7250
-2303
-5497
0
25667
16957
-12011
-8255
0
8255
12011
-16957
-25667
0
5497
2303
-7250
-22909
0
22909
7250
-2303
-5497
0
25667
16957
-12011
-8255
0
8255
12011
-16957
-25667
0
5497
2303
-7250
-22909
0
22909
7250
-2303
-5497
0
25667
16957
-12011
-8255
0
8255
12011
-16957
-25667
0
5497
2303
-7250
-22909
0
22909
7250
-2303
-5497
0
25667
16957
-12011
-8255
0
8255
